1111111111333333333333333333333333333333333333333333
1        133333                                    3
1             2              22222                 3
1 6 6    1333 3              2 # 2                 3
1 6 6   113 3 3              22222                 3
1 6 6    13 3 3444                                 3
1        13      4                                 3
1  6     1333334 4       444                       3
1        1444444 4                                 3
144 444 114      4                                 3
1     1 114  44  4                                 3
1     1 114  44  4                                 3
1 1   1 222      44444444444444442444048888888888883
1 1 1 1 114                           1           83
1 1   1 114                 555555    2     8     83
1       114                           3    8 8    83
1 111111114        9999999            4   8   8   83
4 444444444        9999999                   8    83
4                                     6   8   8   83
4                                     7    8 8    83
4                           55555     8     8     83
4                                     9           83
4444444444444444444444444444444444444448888888888883
